5555555555555555555555555552222222222222222222222222222222222222222222222222225225555222222222222222
2222222255555555555555555555555555555552222222222222222222222222222222222222222222222222222222222222
2222222222222222222222222222222222222225552222222222222222222255555555222222222222222222222222222222
2222222222222222222222222222222222222222222222222222222222222222222222222222222222225222222222222222
2222222222222222222222222222222222222222222222222222222222222222222222222222222222222222222222222222
2222222222222223333333332222222222222222222222333322222222222222223322222223333333333333333333333333
33333333333322222222222222222222222333322222222222222222222222222222222222222222222222222222227  717
22222222222222222222222222222222223222222222222222222222222222233333333333333177777722323332217 7311
2222222222222222222222222222222222222222222222222222222222222222222222222227 77713377   3177 77 3333
222222222222222222222222222222222222222222222222222222222222222222222222221 777717777777317777337133
3333333333333333333333333333333333333333333333333333333333333333333333333337773317717337733777117773
3333333333333333333333333333333333333333333333333333333333333333333333333177771337131777131317773333
333331111111111111111111111111111111111111113713333333332256666666533177   777777711777  77733133333
3566653333111111111113333333333317777771113177777133346666666666666577777777777 7 133333177777777733
66666666666646666664511111111377 737777  77   717713666666666666666657754666645466666447777771337777
66666666666666666666666666666666664466531111113315666666666666666666666666666666666666664222222231 7
6666666666666666666666666666666666666666666666666666666666666666666666666666666666666666666666666666
6666666666666666666666666666666666666666666666666666666666666666666666666666666666666666666666666666
6666666666666666666666666666666666666666666666666666666666666666666666666666666666666666666666666666
2222222222222222222222222222222222222222222222222222222222222222222555222222222222222222522225222222
5555555555555523333337777777777777777777777777777777777777777721322455552322222555555555555555555555
5555555555555555555555555555555522377777777777777777722225555555555555555555555555555555555555555555
5555255522555555555555555555555455444525255552222222311777777777325555555555555555555555555555555555
5555555552555555555525555555555555555555555555555555555555555555371555555555555555444255555555555555
5555555555555555552555555555552255255555555555555555553333311177712555555555555555555555555555555555
5555555555555555555555555555553333333377777777777777333333335555555555555555555555555555555555555555
5555555555523317777777777777777777777773525555555555555555555555555555555555555555555555455555555555
5545555551777777777777732255555555555555555555555555555555555555555555555555555555555545555555555555
5555555517777777777777711333333325555555555555555555555555555555555555555555555555555555555555554455
5545555531577777777777777777777777777222222225555555555555555555555555555555555555555454555555555555
5545545552417777777777777777777777777777777777777777777713355555555555555555555555555545555545555555
5544555555455222542255111117772442777777777777777777777777777777777777777777771444455555555555554455
5552455555544554524555555455555555221111111111344511111117777777777777777777777564441715555555542545
5554645444446455446454454455555555555555555645255555555555555555555555222222223644442175555555555465
5554555554555555545555554455555555445555556444455555555533777777777777777777777644444525555555555555
5556555554555555445555555555555555445555446444444311777777777777777777777777777664444555555555555555
