2222222222222222222222222222222222222222222222222222222222222222222222222222222222222222222222222222
2222222222222222222222222222222222222222222222222222222222222222222222222222222222222222222222222222
2222223333333333222223322222222222222222222222222222222222222222222222222222222222222222222222222222
2222222222222222222222222222222222222222333322222222222222222222222233323323222222222222222222222222
2222222222222222222222233233332233333333333333333333333222222222222222223322333332333233322222222222
2222222222222222222223333323333333333232222333333333333333322222222222555555555555555522322333222223
3233333333333333333333333332325555555555555555552222222555555555223333233333333333333333333333333333
3333333225555555555522222222555555555555522222223323222332222552222233333333222222222222225555555555
3333222522223222222225555555555222222222222223333332555522222252555555552333333333322222222555555232
3325522332222222555555233333333255522255555555555555555555522222222222222332222225555555555555223325
2555555555552222222222222222222222225555555555555555555555555522225555555555555555225222222333325555
2222222222222222222222222222222223332222322222223322252222323333333333322222222255555552232222225555
5555555552222222222222222222222333333333222222322222222222225555555555555222225222232222233255555555
5555555555555555555555555555222225555555555555555222222222555555555555555555555555555555555555555555
5555555555555555556655555555555555555555555555556664664446555555555555555555556666666555546666555555
6455555555555556666666655666666666666665466666666666666666665555555555545555566666666666666666666444
6664455566666666666666666666666666666666666666666666666666666664444546666666666666666666666666666666
6666666666664666666666666666666666666666666666666666666666666666666666666666666666666666666666666666
4555555555555555555555545554466666666666666666666666666666666666666666666666666666666666666666666666
5555555555555555555555555555555555555554555555522237771113333335555555552222555555555555555555666666
5555555555555555552555555555555555555555555555555545444444555554455555554555544555554455555455454555
5555555555555555555555555555555555555555555555555555555445444444455466664444444444444533177711135555
5555555555525225555555555555555555555555555555555555555555555555555555555555555555555555555555544444
5555525555445555555555555555554555555555555555555555555555555555577777171333333333333333333317777777
5255555555444555555552555555555555555555555555555555555555555555555555445555555555545444555444445555
5545555555555555525555555555545255555555555555555555555555555555555545555464444444445644445555555555
5525542245555445555555555555545525255445555555555555555555555554544446444446666666666666666664666666
5255254465552545554555455554445554554254555555555555555555555555555554444444664644446445544466454554
5554555555245455555255552255245555556452555555555555555555555555555555555554554455555544444544445554
5555555555445544445555555455465255255455555555555555555555555555555555555444444554444555455545555544
5555555555525544444544545445455545555555555555555555555555555555555555555554555555555444544446464444
5555555552555445455544544555544544555555555555555555555555555554455546445445555444466666666666666666
5555455555455464566554645552544555554555555555555555555555555555555555555546664454466544644444646444
5555655555555555444555446655545555556555555555555555555555555555555555555555555466444464444464556666
5526465555555555555566455555555555446555555555555555555555555555555555555555555555555544455545446444
5444455555555555555544645555555555554555555555555555555555555555555555555555555555555555555544466666
