                                                                                                    
                                                                                                    
                                                                                                    
                                                                                                    
                                                                                                    
                                                                                                    
                                                                                                    
                                                                                                    
                                                                                                    
                        2222                                                                        
                       22222                                                                        
                       22222                                                                        
                   22222333322222           22222                                                   
                   22222333322222           22222                                                   
                       22222                22222                                                   
                       22222                22222                                                   
                        2222                22222                                                   
                                            22222                                                   
                                        2222222222222                                               
                                        2222333322222                                               
                                        2222333322222                                               
                                    222233331111133332222                                           
                                    222233331111133332222                                           
                       22222222222223333111111111111133332222222222222                              
                       22222222222223333111111111111133332222222222222                              
                                    222233331111133332222                                           
                                    222233331111133332222                                           
                                    222223333111333322222                                           
                                        2222333322222                                               
                                        2222333332222                                               
                                            22222                                                   
                                            22222                                                   
                                            22222               222222                              
                                            22222               222222                              
                                            22222            2222333322222                          
                                            22222            2222333322222                          
                                            22222            222222222222                           
                                                                222222                              
                                                                222222                              
                                                                                                    
                                                                                                    
                                                                                                    
                                                                                                    
                                                                                                    
                                                                                                    
                                                                                                    
                                                                                                    
                                                                                                    
                                                                                                    
                                                                                                    
                                                                                                    
                                                                                                    
