                                                                                                    
                                                                                                    
                                                                                                    
                                                                                                    
                                                                                                    
                                                                                                    
                                                                                                    
                                                                                                    
                                                                                                    
                                                                                                    
                                                                       22222                        
                                                                       22222                        
                                               222222             222223333322222                   
                                               222222             2222211111222222                  
                                               222222             2222211111222222                  
                                               2222                22222222222222                   
                                                                       22222                        
                                               22222                   22222                        
                                               222222                                               
                                               222222                                               
                                               222222                                               
                                               222222                                               
                                               222222                                               
                                          222223333322222                                           
                                          222223333322222                                           
                       22222    22222222222222233333222222222222222    22222                        
                      222222    22222222223333311111333332222222222    22222                        
                      222222    22222222223333311111333332222222222    22222                        
                                          222223333322222                                           
                                          222223333322222                                           
                                          222223333322222                                           
                                               222222                                               
                                               222222                                               
                                               222222                                               
                                               222222                                               
                                               222222                                               
                      222222                                                                        
                      222222                                                                        
                  222223333322222              222222                                               
                  222221111122222              222222                                               
                  222221111122222              222222                                               
                   2222222222222               2222                                                 
                      222222                                                                        
                      222222                                                                        
                                                                                                    
                                                                                                    
                                                                                                    
                                                                                                    
                                                                                                    
                                                                                                    
                                                                                                    
                                                                                                    
                                                                                                    
