                                                                                                    
                                                                                                    
                                                                                                    
                                                                                                    
                                                                                                    
            222                                                                                     
         222333222      2222                                                                        
         222332222      2222                                                                        
            222         2222                                                                        
                        2222                                                                        
                     222233222                                                                      
                    222233322222                                                                    
                   22233311333222                                                                   
            2222222233111111113322222222                                                            
            2222222222333113332222222222                                                            
                   22233311333222                                                                   
                     222233222                                                                      
                        2222                                                                        
                        2222         222                                                            
                        2222         222                                                            
                        2222      222333222                                                         
                                    2222                                                            
                                     222                                                            
                                                                                                    
                                                                                                    
                                                                                                    
                                                                                                    
                                                                                                    
                                                                                                    
                                                                                                    
                                                                                                    
                                                                                                    
                                                                                                    
                                                                                                    
                                                                                                    
                                                                                                    
                                                                                                    
                                                                                                    
                                                                                                    
                                                                                                    
                                                                                    2222            
                                                                        222       222333222         
                                                                        2222      222113222         
                                                                                    2222            
                                                                        222          222            
                                                                        2222                        
                                                                        2222                        
                                                                     222333222                      
                                                            222 2222223331333322222 2222            
                                                            222 2222223331333322222 2222            
                                                                     222333222                      
                                                                        2222                        
                                                                        2222                        
                                                            222         222                         
                                                            222                                     
                                                         22211322       2222                        
                                                         22233322       222                         
                                                            222                                     
                                                                                                    
                                                                                                    
                                                                                                    
                                                                                                    
                                                                                                    
