                                                                                                    
                                                                                                    
                                                                                                    
                                                                                                    
                                                                                                    
                                                                                                    
                                                                                                    
                                                                                                    
                                                     8888888888                                     
                                                  8889444444449888                                  
                                                88444522222222544688                                
                                                885222222222222225568                               
                                              88452222222222222222268                               
                                              8842222222222222222222288                             
                                             89222222222222222222222288                             
                                             89222988922222222222226888                             
                                             89268888884222222222226955                             
                                             895684506 322222222222227                              
                     44                      895684584 3222222222222200                             
                   6644                      8922255548422222222222228888                           
                   66444                     8922222222222222222222222588                           
                  6663244        999         8955244222222224652256525588                           
                 66233244        9999         8842224445222222222222288                             
               4453223244        89246666666999842222372444455555556888 9999                        
              4455354254444    8864222222224444452224425555549666989999964998                       
            442232544254444    8866652222222222222224666655555466644444452988                       
            443333244332544      888965222222222222225444666664445222222224488                      
            443333322333544         889666222222222222222444445222222222466688                      
            443333333333544           88899522222222222222224652222229999888                        
            4444333543244                  88222222222222222495224888                               
              444684444                    88222222233333333226988                                  
               4468889                   884222222333333333333698                                   
               8862988                   88422222233333333333369                                    
               8862988                 8892222222233333333333369                                    
               88622288                889222222223333333333332299                                  
               889222248888            889222222233333333333333399                                  
                 885222222988888      892222225953333333333333339999                                
                 8852222222222298888885222222259423333333333332296249                               
                   88522222222222222685222222222495222333333226922249                               
                     89552222222225842222222222249522222222255662222288                             
                      8864442222225842222222222249522222222466522222288                             
                        88894445225842222222222249522225444642222225488                             
                           888864468945222222224696444466662222225468                               
                               8888888522222244988888886666222222488                                
                                    88522222299        88882222225568                               
                                  8842222222299            862227363788                             
                                 86726116575999            888889988988                             
                                 899889988999                88888888                               
                                                                                                    
                                                                                                    
                                                                                                    
                                                                                                    
                                                                                                    
                                                                                                    
                                                                                                    
