                                                                                                    
                                                                                                    
                    000                                                                             
                  000000                                                                            
                  000000                                                                            
                  00000000                                                                          
                0000000000                                                                          
                0000000000                                      00000000                            
                0000000000                                     000000000                            
                0000083200                                 0000000000000                            
                000031111200                           00000000000000000                            
                003111111200                       0000000000000000000                              
                003111111200                     0081111150000000000                                
                  0031111200    0000000000   000081111111500000000                                  
                  0031111113000011111111120000111111111500000000             0000000                
                    0831111111111111111111111111111111150000               00811111400              
                    083111111111111111111111111111129800                 009111111111400            
                  00456611111111111111129996111113690000               00933111111111400            
                  006422451111111111135525894511135400               009521111111111124600          
                  009622961322111111139632999911111200             00865111111111111111400          
                  00969964136611111113699999663333128800          088611111111111111111400          
                  00669611111111111111129996136664311200         0091111111111111111111500          
                0031111111139999993111111113666666641200       00911111111111111111111111500        
                0066311113999911139996111113666666641200     0081111111111111111111111111500        
                0066311111111111111111111113666666641200     0081111111111111111111111111500        
                0066311111111111111111111111136664111200   0081111111111111111111111111400          
                  00311111111111111111111111111111111200 0081111111111111111111111140000            
                  00083111111111111111111111111111111200 008111111111111111111150000000             
                    0831111111111111111111111111111113240008991111111111111299980000                
                    08311111111111111111111111111111111500 000641111111266660000                    
                    08311111111111111111111111111111111500   008521113540000                        
                    08311111111111111111132311111111111500     00923158800                          
                    08311133111111111111320811111111111500       006111500                          
                    08311208111111111112081111111111111500     00911111500                          
                  003111120811111111111208111111111111111500 008111111111500                        
                  0031111113001111111209111111111111111115000096111111150000                        
                  004511111300111111120911111111120811111500999996150000                            
                  00083111130011111308111111111308111111150000999800                                
                  0008311111130011130811111113001111111111120000999800                              
                0031130811130011111112091112001111111111111200 000999800                            
                00311132000833111111113200083311111111111112000099999800                            
             00022111111222311111111111322231111111111111112000098000000                            
             000111111111111111111111111111111111111111111135400000000                              
             00011111111111111111111111111111111111111111111130000                                  
              00551111111111111111111111111111111111111111135400                                    
                0031111111111111111111111111111111111111111200                                      
                0033111111111133333333333311111111111111113200                                      
                  003111111113990000000008111111111111111500                                        
                0031999999999800         00000001112999800                                          
             00011111112000000                  081111129800                                        
                00000000                        000911111500                                        
                0000000                         00000000000                                         
                                                    000000                                          
                                                                                                    
                                                                                                    
                                                                                                    
                                                                                                    
                                                                                                    
